service_id,date,exception_type
498,20210630,2
498,20210618,2
498,20210619,2
498,20210614,2
498,20210615,2
498,20210616,2
498,20210617,2
498,20210610,2
498,20210611,2
498,20210612,2
498,20210613,2
498,20210623,2
498,20210608,2
498,20210603,2
498,20210602,2
498,20210625,2
498,20210624,2
498,20210627,2
498,20210626,2
498,20210621,2
498,20210620,2
498,20210609,2
498,20210622,2
498,20210607,2
498,20210606,2
498,20210605,2
498,20210604,2
498,20210629,2
498,20210628,2
494,20210606,2
494,20210627,2
494,20210620,2
494,20210613,2
496,20210630,2
496,20210618,2
496,20210619,2
496,20210614,2
496,20210615,2
496,20210616,2
496,20210617,2
496,20210610,2
496,20210611,2
496,20210612,2
496,20210613,2
496,20210623,2
496,20210608,2
496,20210603,2
496,20210602,2
496,20210625,2
496,20210624,2
496,20210627,2
496,20210626,2
496,20210621,2
496,20210620,2
496,20210609,2
496,20210622,2
496,20210607,2
496,20210606,2
496,20210605,2
496,20210604,2
496,20210629,2
496,20210628,2
491,20210605,2
491,20210626,2
491,20210619,2
491,20210612,2
492,20210630,2
492,20210618,2
492,20210619,2
492,20210614,2
492,20210615,2
492,20210616,2
492,20210617,2
492,20210610,2
492,20210611,2
492,20210612,2
492,20210623,2
492,20210622,2
492,20210603,2
492,20210602,2
492,20210625,2
492,20210624,2
492,20210626,2
492,20210621,2
492,20210609,2
492,20210608,2
492,20210607,2
492,20210605,2
492,20210604,2
492,20210629,2
492,20210628,2
540,20210627,2
540,20210626,2
540,20210620,2
540,20210606,2
540,20210605,2
540,20210613,2
540,20210612,2
540,20210619,2
541,20210630,2
541,20210619,2
541,20210614,2
541,20210615,2
541,20210616,2
541,20210617,2
541,20210610,2
541,20210612,2
541,20210613,2
541,20210623,2
541,20210622,2
541,20210603,2
541,20210602,2
541,20210624,2
541,20210627,2
541,20210626,2
541,20210621,2
541,20210620,2
541,20210609,2
541,20210608,2
541,20210607,2
541,20210606,2
541,20210605,2
541,20210629,2
541,20210628,2
537,20210629,2
537,20210622,2
537,20210624,2
537,20210608,2
537,20210615,2
537,20210617,2
537,20210603,2
537,20210610,2
371,20210602,2
371,20210604,2
371,20210621,2
371,20210609,2
371,20210629,2
371,20210603,2
371,20210608,2
371,20210628,2
371,20210625,2
371,20210624,2
371,20210630,2
371,20210607,2
371,20210618,2
371,20210623,2
371,20210622,2
371,20210614,2
371,20210615,2
371,20210616,2
371,20210617,2
371,20210610,2
371,20210611,2
396,20210629,2
396,20210622,2
396,20210624,2
396,20210608,2
396,20210615,2
396,20210617,2
396,20210603,2
396,20210610,2
520,20210630,2
520,20210618,2
520,20210619,2
520,20210614,2
520,20210615,2
520,20210616,2
520,20210617,2
520,20210610,2
520,20210611,2
520,20210612,2
520,20210613,2
520,20210623,2
520,20210608,2
520,20210603,2
520,20210602,2
520,20210625,2
520,20210624,2
520,20210627,2
520,20210626,2
520,20210621,2
520,20210620,2
520,20210609,2
520,20210622,2
520,20210607,2
520,20210606,2
520,20210605,2
520,20210604,2
520,20210629,2
520,20210628,2
449,20210630,2
449,20210618,2
449,20210619,2
449,20210614,2
449,20210615,2
449,20210616,2
449,20210617,2
449,20210610,2
449,20210611,2
449,20210612,2
449,20210623,2
449,20210622,2
449,20210603,2
449,20210602,2
449,20210625,2
449,20210624,2
449,20210626,2
449,20210621,2
449,20210609,2
449,20210608,2
449,20210607,2
449,20210605,2
449,20210604,2
449,20210629,2
449,20210628,2
448,20210605,2
448,20210626,2
448,20210619,2
448,20210612,2
443,20210630,2
443,20210618,2
443,20210619,2
443,20210614,2
443,20210615,2
443,20210616,2
443,20210617,2
443,20210610,2
443,20210611,2
443,20210612,2
443,20210613,2
443,20210623,2
443,20210608,2
443,20210603,2
443,20210602,2
443,20210625,2
443,20210624,2
443,20210627,2
443,20210626,2
443,20210621,2
443,20210620,2
443,20210609,2
443,20210622,2
443,20210607,2
443,20210606,2
443,20210605,2
443,20210604,2
443,20210629,2
443,20210628,2
442,20210630,2
442,20210618,2
442,20210619,2
442,20210614,2
442,20210615,2
442,20210616,2
442,20210617,2
442,20210610,2
442,20210611,2
442,20210612,2
442,20210613,2
442,20210623,2
442,20210608,2
442,20210603,2
442,20210602,2
442,20210625,2
442,20210624,2
442,20210627,2
442,20210626,2
442,20210621,2
442,20210620,2
442,20210609,2
442,20210622,2
442,20210607,2
442,20210606,2
442,20210605,2
442,20210604,2
442,20210629,2
442,20210628,2
446,20210605,2
446,20210626,2
446,20210619,2
446,20210612,2
445,20210630,2
445,20210618,2
445,20210614,2
445,20210615,2
445,20210616,2
445,20210617,2
445,20210610,2
445,20210611,2
445,20210613,2
445,20210623,2
445,20210622,2
445,20210603,2
445,20210602,2
445,20210625,2
445,20210624,2
445,20210627,2
445,20210621,2
445,20210620,2
445,20210609,2
445,20210608,2
445,20210607,2
445,20210606,2
445,20210604,2
445,20210629,2
445,20210628,2
444,20210630,2
444,20210618,2
444,20210619,2
444,20210614,2
444,20210615,2
444,20210616,2
444,20210617,2
444,20210610,2
444,20210611,2
444,20210612,2
444,20210613,2
444,20210623,2
444,20210608,2
444,20210603,2
444,20210602,2
444,20210625,2
444,20210624,2
444,20210627,2
444,20210626,2
444,20210621,2
444,20210620,2
444,20210609,2
444,20210622,2
444,20210607,2
444,20210606,2
444,20210605,2
444,20210604,2
444,20210629,2
444,20210628,2
388,20210605,2
388,20210626,2
388,20210619,2
388,20210612,2
519,20210630,2
519,20210618,2
519,20210619,2
519,20210614,2
519,20210615,2
519,20210616,2
519,20210617,2
519,20210610,2
519,20210611,2
519,20210612,2
519,20210613,2
519,20210623,2
519,20210608,2
519,20210603,2
519,20210602,2
519,20210625,2
519,20210624,2
519,20210627,2
519,20210626,2
519,20210621,2
519,20210620,2
519,20210609,2
519,20210622,2
519,20210607,2
519,20210606,2
519,20210605,2
519,20210604,2
519,20210629,2
519,20210628,2
518,20210602,2
518,20210604,2
518,20210621,2
518,20210609,2
518,20210629,2
518,20210603,2
518,20210608,2
518,20210628,2
518,20210625,2
518,20210624,2
518,20210630,2
518,20210607,2
518,20210618,2
518,20210623,2
518,20210622,2
518,20210614,2
518,20210615,2
518,20210616,2
518,20210617,2
518,20210610,2
518,20210611,2
511,20210630,2
511,20210618,2
511,20210619,2
511,20210614,2
511,20210615,2
511,20210616,2
511,20210617,2
511,20210610,2
511,20210611,2
511,20210612,2
511,20210613,2
511,20210623,2
511,20210608,2
511,20210603,2
511,20210602,2
511,20210625,2
511,20210624,2
511,20210627,2
511,20210626,2
511,20210621,2
511,20210620,2
511,20210609,2
511,20210622,2
511,20210607,2
511,20210606,2
511,20210605,2
511,20210604,2
511,20210629,2
511,20210628,2
510,20210602,2
510,20210604,2
510,20210621,2
510,20210609,2
510,20210629,2
510,20210603,2
510,20210608,2
510,20210628,2
510,20210625,2
510,20210624,2
510,20210630,2
510,20210607,2
510,20210618,2
510,20210623,2
510,20210622,2
510,20210614,2
510,20210615,2
510,20210616,2
510,20210617,2
510,20210610,2
510,20210611,2
433,20210627,2
433,20210626,2
433,20210620,2
433,20210606,2
433,20210605,2
433,20210613,2
433,20210612,2
433,20210619,2
517,20210630,2
517,20210618,2
517,20210614,2
517,20210615,2
517,20210616,2
517,20210617,2
517,20210610,2
517,20210611,2
517,20210613,2
517,20210623,2
517,20210622,2
517,20210603,2
517,20210602,2
517,20210625,2
517,20210624,2
517,20210627,2
517,20210621,2
517,20210620,2
517,20210609,2
517,20210608,2
517,20210607,2
517,20210606,2
517,20210604,2
517,20210629,2
517,20210628,2
516,20210630,2
516,20210618,2
516,20210619,2
516,20210614,2
516,20210615,2
516,20210616,2
516,20210617,2
516,20210610,2
516,20210611,2
516,20210612,2
516,20210613,2
516,20210623,2
516,20210608,2
516,20210603,2
516,20210602,2
516,20210625,2
516,20210624,2
516,20210627,2
516,20210626,2
516,20210621,2
516,20210620,2
516,20210609,2
516,20210622,2
516,20210607,2
516,20210606,2
516,20210605,2
516,20210604,2
516,20210629,2
516,20210628,2
450,20210630,2
450,20210618,2
450,20210619,2
450,20210614,2
450,20210615,2
450,20210616,2
450,20210617,2
450,20210610,2
450,20210611,2
450,20210612,2
450,20210613,2
450,20210623,2
450,20210608,2
450,20210603,2
450,20210602,2
450,20210625,2
450,20210624,2
450,20210627,2
450,20210626,2
450,20210621,2
450,20210620,2
450,20210609,2
450,20210622,2
450,20210607,2
450,20210606,2
450,20210605,2
450,20210604,2
450,20210629,2
450,20210628,2
452,20210630,2
452,20210618,2
452,20210619,2
452,20210614,2
452,20210615,2
452,20210616,2
452,20210617,2
452,20210610,2
452,20210611,2
452,20210612,2
452,20210613,2
452,20210623,2
452,20210608,2
452,20210603,2
452,20210602,2
452,20210625,2
452,20210624,2
452,20210627,2
452,20210626,2
452,20210621,2
452,20210620,2
452,20210609,2
452,20210622,2
452,20210607,2
452,20210606,2
452,20210605,2
452,20210604,2
452,20210629,2
452,20210628,2
453,20210630,2
453,20210618,2
453,20210619,2
453,20210614,2
453,20210615,2
453,20210616,2
453,20210617,2
453,20210610,2
453,20210611,2
453,20210612,2
453,20210623,2
453,20210622,2
453,20210603,2
453,20210602,2
453,20210625,2
453,20210624,2
453,20210626,2
453,20210621,2
453,20210609,2
453,20210608,2
453,20210607,2
453,20210605,2
453,20210604,2
453,20210629,2
453,20210628,2
456,20210630,2
456,20210618,2
456,20210619,2
456,20210614,2
456,20210615,2
456,20210616,2
456,20210617,2
456,20210610,2
456,20210611,2
456,20210612,2
456,20210613,2
456,20210623,2
456,20210608,2
456,20210603,2
456,20210602,2
456,20210625,2
456,20210624,2
456,20210627,2
456,20210626,2
456,20210621,2
456,20210620,2
456,20210609,2
456,20210622,2
456,20210607,2
456,20210606,2
456,20210605,2
456,20210604,2
456,20210629,2
456,20210628,2
482,20210602,2
482,20210604,2
482,20210621,2
482,20210609,2
482,20210629,2
482,20210603,2
482,20210608,2
482,20210628,2
482,20210625,2
482,20210624,2
482,20210630,2
482,20210607,2
482,20210618,2
482,20210623,2
482,20210622,2
482,20210614,2
482,20210615,2
482,20210616,2
482,20210617,2
482,20210610,2
482,20210611,2
504,20210611,2
504,20210609,2
504,20210606,2
504,20210604,2
504,20210602,2
504,20210613,2
505,20210611,2
505,20210609,2
505,20210606,2
505,20210604,2
505,20210602,2
505,20210613,2
502,20210630,2
502,20210618,2
502,20210619,2
502,20210614,2
502,20210615,2
502,20210616,2
502,20210617,2
502,20210610,2
502,20210611,2
502,20210612,2
502,20210613,2
502,20210623,2
502,20210608,2
502,20210603,2
502,20210602,2
502,20210625,2
502,20210624,2
502,20210627,2
502,20210626,2
502,20210621,2
502,20210620,2
502,20210609,2
502,20210622,2
502,20210607,2
502,20210606,2
502,20210605,2
502,20210604,2
502,20210629,2
502,20210628,2
503,20210630,2
503,20210618,2
503,20210619,2
503,20210614,2
503,20210615,2
503,20210616,2
503,20210617,2
503,20210610,2
503,20210611,2
503,20210612,2
503,20210613,2
503,20210623,2
503,20210608,2
503,20210603,2
503,20210602,2
503,20210625,2
503,20210624,2
503,20210627,2
503,20210626,2
503,20210621,2
503,20210620,2
503,20210609,2
503,20210622,2
503,20210607,2
503,20210606,2
503,20210605,2
503,20210604,2
503,20210629,2
503,20210628,2
501,20210630,2
501,20210618,2
501,20210619,2
501,20210614,2
501,20210615,2
501,20210616,2
501,20210617,2
501,20210610,2
501,20210611,2
501,20210612,2
501,20210613,2
501,20210623,2
501,20210608,2
501,20210603,2
501,20210602,2
501,20210625,2
501,20210624,2
501,20210627,2
501,20210626,2
501,20210621,2
501,20210620,2
501,20210609,2
501,20210622,2
501,20210607,2
501,20210606,2
501,20210605,2
501,20210604,2
501,20210629,2
501,20210628,2
467,20210602,2
467,20210604,2
467,20210621,2
467,20210609,2
467,20210629,2
467,20210603,2
467,20210608,2
467,20210628,2
467,20210625,2
467,20210624,2
467,20210630,2
467,20210607,2
467,20210618,2
467,20210623,2
467,20210622,2
467,20210614,2
467,20210615,2
467,20210616,2
467,20210617,2
467,20210610,2
467,20210611,2
466,20210630,2
466,20210618,2
466,20210619,2
466,20210614,2
466,20210615,2
466,20210616,2
466,20210617,2
466,20210610,2
466,20210611,2
466,20210612,2
466,20210613,2
466,20210623,2
466,20210608,2
466,20210603,2
466,20210602,2
466,20210625,2
466,20210624,2
466,20210627,2
466,20210626,2
466,20210621,2
466,20210620,2
466,20210609,2
466,20210622,2
466,20210607,2
466,20210606,2
466,20210605,2
466,20210604,2
466,20210629,2
466,20210628,2
460,20210630,2
460,20210618,2
460,20210614,2
460,20210615,2
460,20210616,2
460,20210617,2
460,20210610,2
460,20210611,2
460,20210613,2
460,20210623,2
460,20210622,2
460,20210603,2
460,20210602,2
460,20210625,2
460,20210624,2
460,20210627,2
460,20210621,2
460,20210620,2
460,20210609,2
460,20210608,2
460,20210607,2
460,20210606,2
460,20210604,2
460,20210629,2
460,20210628,2
462,20210630,2
462,20210618,2
462,20210619,2
462,20210614,2
462,20210615,2
462,20210616,2
462,20210617,2
462,20210610,2
462,20210611,2
462,20210612,2
462,20210613,2
462,20210623,2
462,20210608,2
462,20210603,2
462,20210602,2
462,20210625,2
462,20210624,2
462,20210627,2
462,20210626,2
462,20210621,2
462,20210620,2
462,20210609,2
462,20210622,2
462,20210607,2
462,20210606,2
462,20210605,2
462,20210604,2
462,20210629,2
462,20210628,2
91,20210602,2
91,20210604,2
91,20210621,2
91,20210609,2
91,20210629,2
91,20210603,2
91,20210608,2
91,20210628,2
91,20210625,2
91,20210624,2
91,20210630,2
91,20210607,2
91,20210618,2
91,20210623,2
91,20210622,2
91,20210614,2
91,20210615,2
91,20210616,2
91,20210617,2
91,20210610,2
91,20210611,2
95,20210625,2
95,20210604,2
95,20210618,2
95,20210611,2
489,20210630,2
489,20210618,2
489,20210619,2
489,20210614,2
489,20210615,2
489,20210616,2
489,20210617,2
489,20210610,2
489,20210611,2
489,20210612,2
489,20210613,2
489,20210623,2
489,20210608,2
489,20210603,2
489,20210602,2
489,20210625,2
489,20210624,2
489,20210627,2
489,20210626,2
489,20210621,2
489,20210620,2
489,20210609,2
489,20210622,2
489,20210607,2
489,20210606,2
489,20210605,2
489,20210604,2
489,20210629,2
489,20210628,2
487,20210630,2
487,20210618,2
487,20210614,2
487,20210615,2
487,20210616,2
487,20210617,2
487,20210610,2
487,20210611,2
487,20210613,2
487,20210623,2
487,20210622,2
487,20210603,2
487,20210602,2
487,20210625,2
487,20210624,2
487,20210627,2
487,20210621,2
487,20210620,2
487,20210609,2
487,20210608,2
487,20210607,2
487,20210606,2
487,20210604,2
487,20210629,2
487,20210628,2
486,20210630,2
486,20210618,2
486,20210619,2
486,20210614,2
486,20210615,2
486,20210616,2
486,20210617,2
486,20210610,2
486,20210611,2
486,20210612,2
486,20210613,2
486,20210623,2
486,20210608,2
486,20210603,2
486,20210602,2
486,20210625,2
486,20210624,2
486,20210627,2
486,20210626,2
486,20210621,2
486,20210620,2
486,20210609,2
486,20210622,2
486,20210607,2
486,20210606,2
486,20210605,2
486,20210604,2
486,20210629,2
486,20210628,2
485,20210602,2
485,20210604,2
485,20210621,2
485,20210609,2
485,20210629,2
485,20210603,2
485,20210608,2
485,20210628,2
485,20210625,2
485,20210624,2
485,20210630,2
485,20210607,2
485,20210618,2
485,20210623,2
485,20210622,2
485,20210614,2
485,20210615,2
485,20210616,2
485,20210617,2
485,20210610,2
485,20210611,2
484,20210605,2
484,20210626,2
484,20210619,2
484,20210612,2
483,20210602,2
483,20210604,2
483,20210621,2
483,20210609,2
483,20210629,2
483,20210603,2
483,20210608,2
483,20210628,2
483,20210625,2
483,20210624,2
483,20210630,2
483,20210607,2
483,20210618,2
483,20210623,2
483,20210622,2
483,20210614,2
483,20210615,2
483,20210616,2
483,20210617,2
483,20210610,2
483,20210611,2
434,20210630,2
434,20210618,2
434,20210619,2
434,20210614,2
434,20210615,2
434,20210616,2
434,20210617,2
434,20210610,2
434,20210611,2
434,20210612,2
434,20210613,2
434,20210623,2
434,20210608,2
434,20210603,2
434,20210602,2
434,20210625,2
434,20210624,2
434,20210627,2
434,20210626,2
434,20210621,2
434,20210620,2
434,20210609,2
434,20210622,2
434,20210607,2
434,20210606,2
434,20210605,2
434,20210604,2
434,20210629,2
434,20210628,2
481,20210630,2
481,20210618,2
481,20210619,2
481,20210614,2
481,20210615,2
481,20210616,2
481,20210617,2
481,20210610,2
481,20210611,2
481,20210612,2
481,20210613,2
481,20210623,2
481,20210608,2
481,20210603,2
481,20210602,2
481,20210625,2
481,20210624,2
481,20210627,2
481,20210626,2
481,20210621,2
481,20210620,2
481,20210609,2
481,20210622,2
481,20210607,2
481,20210606,2
481,20210605,2
481,20210604,2
481,20210629,2
481,20210628,2
514,20210606,2
514,20210627,2
514,20210620,2
514,20210613,2
473,20210620,2
473,20210628,2
473,20210625,2
473,20210607,2
473,20210627,2
473,20210626,2
473,20210618,2
473,20210619,2
473,20210606,2
473,20210614,2
473,20210621,2
473,20210605,2
473,20210604,2
473,20210611,2
473,20210612,2
473,20210613,2
470,20210630,2
470,20210618,2
470,20210619,2
470,20210614,2
470,20210615,2
470,20210616,2
470,20210617,2
470,20210610,2
470,20210611,2
470,20210612,2
470,20210613,2
470,20210623,2
470,20210608,2
470,20210603,2
470,20210602,2
470,20210625,2
470,20210624,2
470,20210627,2
470,20210626,2
470,20210621,2
470,20210620,2
470,20210609,2
470,20210622,2
470,20210607,2
470,20210606,2
470,20210605,2
470,20210604,2
470,20210629,2
470,20210628,2
471,20210602,2
471,20210604,2
471,20210621,2
471,20210609,2
471,20210629,2
471,20210603,2
471,20210608,2
471,20210628,2
471,20210625,2
471,20210624,2
471,20210630,2
471,20210607,2
471,20210618,2
471,20210623,2
471,20210622,2
471,20210614,2
471,20210615,2
471,20210616,2
471,20210617,2
471,20210610,2
471,20210611,2
477,20210630,2
477,20210618,2
477,20210619,2
477,20210614,2
477,20210615,2
477,20210616,2
477,20210617,2
477,20210610,2
477,20210611,2
477,20210612,2
477,20210623,2
477,20210622,2
477,20210603,2
477,20210602,2
477,20210625,2
477,20210624,2
477,20210626,2
477,20210621,2
477,20210609,2
477,20210608,2
477,20210607,2
477,20210605,2
477,20210604,2
477,20210629,2
477,20210628,2
474,20210630,2
474,20210618,2
474,20210614,2
474,20210615,2
474,20210616,2
474,20210617,2
474,20210610,2
474,20210611,2
474,20210613,2
474,20210623,2
474,20210622,2
474,20210603,2
474,20210602,2
474,20210625,2
474,20210624,2
474,20210627,2
474,20210621,2
474,20210620,2
474,20210609,2
474,20210608,2
474,20210607,2
474,20210606,2
474,20210604,2
474,20210629,2
474,20210628,2
478,20210630,2
478,20210618,2
478,20210619,2
478,20210614,2
478,20210615,2
478,20210616,2
478,20210617,2
478,20210610,2
478,20210611,2
478,20210612,2
478,20210613,2
478,20210623,2
478,20210608,2
478,20210603,2
478,20210602,2
478,20210625,2
478,20210624,2
478,20210627,2
478,20210626,2
478,20210621,2
478,20210620,2
478,20210609,2
478,20210622,2
478,20210607,2
478,20210606,2
478,20210605,2
478,20210604,2
478,20210629,2
478,20210628,2
